16885  10009 
16885  33953 
16885  35887 
6247  26840 
2035  34738 
28247  18875 
31985  24322 
5561  18932 
5561  71308 
3049  21341 
3049  70401 
2030  42239 
2030  52808 
2030  70359 
43228  79639 
27722  82068 
27722  98898 
21720  30066 
21720  90307 
14326  9644 
14326  93262 
11524  93599 
11524  98266 
22763  15574 
22763  65455 
22763  96296 
34754  23946 
34754  42599 
42854  36187 
19372  24564 
19372  50756 
35579  13496 
28341  39124 
13009  13626 
13009  49462 
34201  70138 
34174  42977 
7346  69665 
23644  81205 
16932  23092 
29107  74883 
29107  80440 
2446  85301 
37298  62061 
37298  85274 
37298  93675 
11089  5822 
11089  43940 
11089  66808 
42001  11403 
42001  34027 
42001  78555 
25567  892 
25567  18135 
25567  36505 
25567  97065 
12760  61577 
12760  74926 
34724  30457 
5283  10487 
5283  76550 
40644  30861 
30550  8011 
34819  78342 
17152  23449 
17152  94493 
27656  743 
27656  13412 
27656  22106 
32749  16813 
32749  43022 
32749  77093 
1129  6573 
1129  56711 
751  93472 
24442  57111 
31347  92009 
31862  4809 
31862  25411 
19028  18835 
19028  19741 
19028  21256 
19028  52663 
20318  26299 
20318  79892 
10616  34687 
10616  62346 
3783  14910 
3783  26898 
2693  46059 
15581  56967 
26211  98376 
15051  34435 
15051  81944 
20802  17088 
20802  67995 
3495  67674 
3495  91459 
8320  19850 
8320  46334 
12359  11490 
12359  59217 
12359  60371 
12359  77061 
6667  32925 
6667  49217 
6667  51859 
40874  14741 
40874  22719 
40874  81189 
40874  83881 
26097  10442 
12561  13197 
12561  64274 
12561  96048 
18105  76807 
2818  11240 
2818  55319 
22054  11004 
22054  19269 
26240  56611 
37957  83377 
30583  28574 
36847  22389 
36847  77876 
36847  85280 
36847  85842 
7308  15565 
7308  84714 
12348  29410 
36383  8322 
36383  20226 
36383  65339 
30813  47349 
30813  65715 
29598  49228 
28016  3130 
28016  13593 
28016  15133 
30383  9502 
30383  16612 
21436  8570 
21436  19141 
7836  51655 
34809  38366 
34809  75442 
16517  71362 
16517  96618 
33241  10869 
33241  64234 
29552  61405 
21192  10083 
36684  28070 
36684  70340 
36684  72440 
2653  10029 
2653  79168 
8636  68135 
41347  43888 
41347  65483 
3239  393 
3239  30706 
3239  64629 
15111  9059 
20433  32498 
43776  18367 
7917  48040 
34355  43415 
31255  48187 
365  3420 
365  9273 
365  57272 
42713  77167 
42713  77890 
25776  19421 
25776  40980 
25776  75964 
490  48035 
490  63859 
490  87930 
27342  25588 
27342  40551 
7899  37735 
3341  41125 
3341  46280 
3341  52219 
7847  77177 
34317  8 
34317  2646 
34317  49925 
32059  54451 
32059  65081 
32059  73593 
37463  65723 
37463  73417 
18436  17257 
18436  35194 
9839  46464 
18457  90199 
10873  22658 
10873  33533 
10873  55394 
10873  66395 
28670  14508 
695  32740 
25832  32799 
11933  21086 
11933  72223 
31925  68659 
31925  70787 
24362  10477 
24362  53477 
32638  97012 
3610  5582 
3610  12430 
41976  28770 
41976  63814 
41976  94757 
41976  96456 
23981  28931 
41703  72988 
39327  27416 
39327  48840 
11384  49639 
15745  47035 
799  15190 
799  93639 
799  96402 
27696  94642 
10652  51960 
10652  72472 
2802  1507 
20017  70399 
27391  79848 
27391  80481 
2498  23203 
383  5687 
383  8883 
8685  68285 
9779  62214 
9779  63897 
9779  77449 
20889  87698 
8724  6955 
8724  36282 
8724  96291 
25161  64433 
25161  89991 
11823  21039 
11823  40308 
11823  90210 
30995  38366 
43527  929 
34475  92633 
29845  19318 
29845  89951 
20144  21457 
15224  72130 
14038  7881 
7024  47121 
7024  76318 
9645  67038 
9645  83115 
9645  99819 
7478  55913 
2648  31889 
8427  26595 
8427  46179 
21592  17121 
21906  3796 
21906  69690 
21906  90408 
2896  23793 
27509  11123 
27509  84671 
27509  91614 
9482  38321 
41312  26373 
41508  7480 
41508  82359 
3323  9259 
3323  65523 
3323  95852 
21177  11760 
15218  3977 
15218  34466 
15218  59472 
15218  70462 
24438  72340 
19117  52573 
19117  86040 
19117  98959 
7027  20585 
7027  23408 
15045  28155 
15045  38788 
26499  47663 
43403  14251 
43403  18405 
18065  15834 
40193  48740 
40193  80222 
18148  87186 
7015  66348 
7015  69714 
16149  66961 
16149  99045 
38559  33114 
19931  17294 
2596  33975 
2596  38740 
25267  44834 
8914  25319 
8914  50838 
8914  75885 
8914  90977 
29196  52972 
29196  73432 
29196  77931 
9118  74552 
2262  40705 
32806  14260 
32806  35277 
32806  88699 
24251  25159 
24251  27894 
26316  22921 
26316  35951 
26316  58996 
26316  69139 
43760  21273 
43760  81946 
34235  886 
34235  17268 
34235  70899 
34235  79947 
22611  3904 
29620  44711 
29620  49545 
40147  22235 
8643  33288 
25455  12573 
25455  23968 
19429  41276 
19429  46220 
19429  69518 
40795  33734 
40795  44421 
40795  76187 
37917  14447 
37917  72164 
26918  24696 
26918  34032 
26918  63697 
43414  88918 
43414  90238 
43414  98400 
27499  48205 
13288  3908 
35905  61360 
33293  7347 
24138  23498 
24138  51463 
3249  7550 
3249  97203 
11786  57034 
11786  74719 
7101  54053 
7253  42153 
23076  63972 
38164  29891 
38164  47256 
13397  31998 
13397  51097 
13397  78742 
13149  5060 
13149  70680 
33420  37792 
22787  19322 
22787  78187 
25185  67572 
18478  43392 
18478  44365 
18478  69730 
35941  887 
35941  64280 
35941  75791 
25421  70723 
25421  94862 
37748  2581 
37748  31074 
37748  38222 
37748  70078 
28552  37078 
5351  22734 
5351  24951 
5351  99677 
5961  10631 
27451  16946 
27451  64602 
11228  74928 
14999  18210 
14999  62477 
14999  82326 
18599  38329 
18599  63074 
18167  5368 
18167  59051 
31146  75888 
20644  96805 
4917  9415 
5588  17095 
5588  57209 
5588  80011 
3262  32094 
3262  99459 
11935  22761 
11935  33527 
17325  60359 
20503  56169 
20503  74453 
18855  11637 
18855  18015 
19722  71635 
1789  34771 
1789  35411 
1789  51412 
24510  32874 
33335  76959 
33335  81398 
20394  34812 
20394  89679 
23662  32646 
17295  2794 
17295  43782 
17295  47323 
17295  79535 
21046  94497 
27453  60844 
38756  89200 
13384  96275 
22858  15313 
22858  44577 
22858  71142 
22858  78644 
25029  87302 
27399  98765 
12778  26752 
12778  63017 
36192  78507 
36192  95452 
8482  8395 
8482  77391 
8482  99663 
37870  26420 
37870  51404 
37870  70679 
30429  27183 
6574  88906 
21458  18165 
21458  77470 
25257  88844 
25257  91358 
31443  43893 
6702  58341 
15012  32419 
15012  95538 
15012  98851 
6132  95915 
36641  46627 
39569  69239 
43816  71986 
32516  39269 
32516  46468 
32516  54940 
18827  10842 
18827  96992 
2510  72985 
2510  95208 
33479  5679 
8525  48484 
965  68683 
18687  6011 
18687  50717 
18687  63712 
9644  18282 
9644  86075 
34831  38649 
34831  95040 
39547  34204 
29225  40494 
21396  18217 
21396  91886 
22474  18909 
18755  24287 
327  4012 
327  18055 
327  25739 
7010  2522 
7010  20319 
32751  50981 
20793  81342 
14829  22993 
14829  85218 
28959  76243 
43274  59279 
43274  86215 
20718  19479 
1554  27125 
1554  80751 
24126  7391 
24126  99931 
32879  5046 
32879  42290 
21228  31260 
21228  99952 
34560  14662 
34560  28902 
40851  42421 
40851  62283 
14128  77288 
24955  22167 
11339  68078 
31762  31737 
28604  75632 
5074  25450 
20732  3706 
20732  39626 
7658  57719 
36179  73511 
8055  22897 
8055  28786 
8055  61450 
1469  20056 
3795  87524 
3795  90388 
14433  61133 
14433  76780 
8237  17683 
8237  42861 
8237  77072 
8237  88163 
42706  73084 
41678  31581 
41678  58107 
41678  64477 
36271  37816 
14841  28870 
14841  50811 
35397  85975 
43961  91323 
43879  36042 
43879  98999 
43831  748 
43831  50940 
6423  89931 
18987  62637 
18573  26127 
18573  53800 
18573  69476 
25357  65034 
25357  73359 
5502  8629 
5502  22297 
39459  11498 
6277  16261 
4041  54059 
9061  28227 
9061  29838 
20324  35711 
20324  43211 
20324  61766 
6406  2294 
6406  10715 
6406  16129 
6406  36554 
6406  91120 
20680  59495 
20680  86554 
27149  38420 
27149  63246 
27149  99562 
13447  60913 
13447  72514 
32736  29061 
32736  86673 
21693  49643 
21693  58211 
34762  58664 
30390  83771 
30390  86019 
2125  36761 
10776  8446 
12824  40352 
12824  55275 
24487  59735 
34182  12229 
34182  65083 
18182  30808 
1741  73378 
14989  88275 
11904  57092 
37458  24864 
31231  29010 
31231  93550 
31231  95113 
31231  99995 
16253  14285 
16253  70460 
16253  98788 
31558  32585 
32312  19028 
32312  39598 
32312  77093 
22519  21621 
27545  45330 
27545  68970 
410  97440 
18405  60559 
18405  93075 
14598  48363 
3181  6741 
3181  89913 
10597  35157 
10597  69857 
13041  33473 
42657  9412 
24404  96179 
6402  41880 
32962  4759 
32962  34900 
32962  38121 
32962  96705 
13169  85140 
194  17444 
194  47607 
194  77491 
194  79626 
194  92022 
40695  45003 
40695  75035 
23798  5519 
6825  81495 
12631  18323 
12631  60630 
12631  62257 
30656  517 
30656  8111 
30656  97441 
29531  35993 
29531  44476 
29531  54737 
29531  97845 
41795  2101 
34145  28383 
34145  62734 
26001  69806 
26001  99811 
25719  25242 
25719  62797 
25719  88793 
41123  70722 
40680  36780 
41107  17871 
41107  39109 
33103  13125 
33103  65452 
27271  9184 
27271  30856 
27271  45996 
27271  86796 
15887  60652 
15887  80127 
15567  4550 
16541  14672 
7201  77341 
7201  94950 
2272  29479 
2272  95659 
42625  13041 
38333  45960 
14400  10093 
14400  21722 
14400  46075 
12007  38312 
12007  58611 
6967  19 
6967  33373 
6967  50570 
6967  88073 
28254  1519 
28254  35447 
27795  29324 
13339  50914 
13339  77702 
33578  34272 
33578  89409 
36747  25148 
36747  39178 
36747  40227 
36747  98224 
40560  12821 
40560  80901 
10480  15845 
10480  94910 
33251  39645 
33251  47809 
33251  89280 
28628  47007 
4484  4961 
4484  81573 
4484  91706 
24338  7079 
24338  38369 
33473  78109 
16498  55220 
16498  66084 
16498  67672 
40281  35951 
40281  44155 
37383  17557 
37383  31070 
37383  59865 
31751  45182 
39325  82596 
39325  85489 
17344  32582 
17344  65096 
42884  20046 
43004  37253 
43004  67345 
43004  85698 
41955  27548 
20612  58258 
20612  94170 
8295  28089 
8295  29837 
8295  34557 
19294  38850 
19294  46578 
15140  9503 
15140  71732 
11576  88814 
11108  4852 
11108  48179 
11108  55812 
11108  81216 
17395  72395 
3645  27121 
3645  47429 
21407  2566 
21407  10522 
34346  28141 
34346  56226 
6607  31220 
6607  41869 
38181  5867 
38181  75161 
32609  10446 
32609  42759 
35015  71016 
6568  76138 
1369  45860 
23942  2174 
23942  18958 
30172  27719 
30172  38345 
7192  92070 
872  15060 
1910  14684 
2586  1368 
19130  19840 
19130  99246 
10057  4528 
10057  69309 
39788  19241 
21024  53016 
17367  22851 
17367  97045 
11319  9816 
26914  37588 
7178  52043 
7178  95402 
1999  68752 
1999  73641 
5547  19109 
131  28583 
1178  40932 
13119  54358 
13119  96868 
22945  54431 
21315  6859 
21315  72796 
8505  45475 
9324  64543 
9324  75557 
22238  57531 
25019  38544 
25019  65432 
33547  25127 
37468  7032 
37468  33980 
37468  42849 
37468  93466 
37468  99798 
29547  49445 
36936  44845 
20360  29280 
20360  71091 
20360  79019 
20360  80799 
20360  81135 
26037  63574 
26037  85265 
26037  91486 
43400  14703 
43400  37333 
43400  64433 
14895  18789 
43841  42510 
43841  69394 
43841  75190 
41546  86740 
24888  18996 
24888  36135 
24888  78829 
24888  92386 
8707  87693 
8707  89564 
24055  26941 
4707  31781 
4707  63095 
637  85125 
22095  77906 
5243  10096 
5243  17980 
38476  13617 
35223  39325 
21816  18181 
21816  91639 
21816  95804 
5224  38721 
5224  45527 
5224  82483 
22539  5237 
22539  60889 
40800  33373 
30363  77705 
30363  80745 
37888  25162 
9932  24046 
32908  95192 
16163  10303 
32703  86603 
11522  22900 
37253  91699 
30968  28604 
21161  48292 
21161  52241 
21161  96604 
30869  6808 
30869  17066 
30869  31877 
30869  39345 
30869  78293 
39208  35703 
15187  75972 
23144  11975 
40038  79900 
38152  27197 
38152  33681 
10406  94092 
22079  16427 
22079  28213 
10986  8386 
10986  56606 
7419  60324 
7419  79064 
36126  1626 
36126  1939 
36126  64469 
36126  66886 
17825  59753 
17825  93731 
1068  5388 
1068  40747 
1068  53899 
33265  39763 
33265  64284 
33265  93668 
7062  73921 
7062  74896 
14736  21515 
14736  64593 
14736  95688 
9504  56648 
27268  55483 
27268  79965 
8429  58260 
37311  91423 
37311  93014 
37311  95743 
2557  36398 
2557  43681 
2557  60046 
2557  69577 
5481  41366 
5481  57842 
5481  68985 
5891  17399 
5479  60500 
41086  33886 
15983  27257 
40812  6763 
40812  59202 
3681  82582 
29970  46009 
29970  78727 
17253  16377 
17253  39165 
17253  43857 
35120  34647 
43734  38842 
43734  95924 
40116  14168 
40116  87019 
40204  48303 
1861  81739 
5095  32188 
5095  32628 
7886  31993 
7886  57942 
30015  47562 
41415  84062 
16265  59647 
18570  4481 
18570  16298 
18570  60667 
18570  71819 
30304  7948 
30304  16810 
30304  93655 
23177  30889 
23177  70230 
26773  30752 
26773  39093 
26773  54610 
6924  31186 
6924  49138 
25837  69092 
25837  78251 
21035  46917 
20818  59845 
37145  1549 
37145  47285 
37145  57558 
37145  95339 
6016  80714 
39943  56377 
39943  70012 
39943  88030 
6317  82129 
41803  3785 
29498  31732 
29498  37935 
22276  24784 
22276  33855 
22276  88415 
13970  41888 
13574  86309 
13574  96825 
8807  24391 
8807  42013 
8807  92181 
32656  14311 
32656  17204 
31483  21980 
31483  62589 
31483  70842 
722  13330 
21015  57437 
21015  69148 
39836  18091 
39836  19935 
41654  28096 
41654  63293 
8101  73677 
8101  84982 
10877  63174 
10331  11999 
10331  58225 
1928  88271 
35536  2033 
35536  7018 
35536  81986 
8177  29658 
32607  45815 
28716  345 
20404  33847 
33886  77677 
33886  93848 
23130  28854 
11728  45788 
8071  2967 
8071  5571 
8071  12441 
8071  26118 
8071  55674 
31364  91321 
24073  42169 
16544  12741 
6223  24632 
6223  52057 
6223  62512 
2160  14294 
2160  20952 
2160  74329 
32595  53386 
20808  34574 
20808  84169 
20808  95126 
28145  95339 
956  37349 
42405  7819 
42405  35740 
42405  64004 
42405  83586 
7220  35382 
7220  43348 
41695  22512 
41695  36467 
41695  57111 
24160  25366 
24160  95769 
23494  39602 
23494  39852 
15462  93936 
11090  49490 
11090  58700 
38882  33254 
7919  2804 
17991  55669 
41588  59769 
42914  50707 
18850  99142 
7803  51827 
7803  66409 
6171  71923 
10853  94145 
13592  10391 
13592  90654 
4522  47396 
4522  55601 
212  876 
212  53095 
31301  16032 
31301  67183 
15821  60395 
33863  42985 
33863  71212 
35804  12275 
35804  47165 
35804  64538 
17604  11981 
17604  29768 
17604  76808 
6093  14874 
6093  46090 
23091  37277 
30977  22928 
30977  25481 
30977  94872 
454  61878 
43106  85748 
3990  5879 
3990  34883 
3990  97999 
19618  63279 
16504  22304 
12661  63703 
12661  77634 
18365  31026 
18365  82384 
18365  91336 
18365  97131 
17656  77361 
33961  43215 
37069  73865 
43694  46137 
43694  68559 
19562  69186 
39678  40141 
20896  9097 
20896  75659 
21256  35820 
21256  69612 
21256  71235 
39306  55046 
31797  80220 
28074  67224 
28074  70789 
28074  74703 
38597  8735 
38597  99723 
40103  75515 
6558  7754 
6558  21039 
6558  30344 
29277  47376 
29277  64321 
4075  15094 
4075  44027 
4075  99695 
42329  6326 
42329  28306 
42329  87885 
39563  65681 
2488  17922 
30965  797 
30965  2371 
30965  27396 
30965  90634 
19127  23199 
19127  73604 
19127  79390 
19127  91497 
16287  76730 
37797  17528 
24958  71477 
20112  15984 
2897  13716 
393  12510 
27127  24373 
27127  58708 
5714  33890 
5714  57748 
7402  75259 
7402  97683 
12842  80686 
29789  34506 
11761  60337 
22001  95260 
23795  94969 
20907  1091 
20907  97875 
13730  19796 
21050  110 
21050  23667 
13602  86642 
34115  61750 
34115  80997 
43315  91841 
2180  86689 
36219  43836 
36219  96163 
43779  99343 
7560  42487 
10650  42061 
10650  76987 
25338  30322 
28059  81259 
13078  2990 
13078  4425 
22236  2288 
22236  68427 
22236  95748 
8304  8536 
8304  83956 
28017  56008 
28017  75474 
28017  81689 
16225  81848 
7776  2173 
7776  30739 
7776  38475 
7776  57359 
29936  2514 
29936  40047 
29936  55565 
14601  90770 
12653  24034 
8637  64929 
8637  85975 
42022  2783 
42022  65759 
21649  13040 
21649  21180 
21649  37533 
21649  88509 
37925  16020 
37925  43771 
15339  58449 
15339  61340 
24024  62807 
7232  21099 
26639  90092 
26086  70852 
42452  83259 
22139  44758 
22139  64914 
26874  84312 
36186  24158 
4958  8714 
4958  39957 
16197  2214 
16197  59134 
31756  58519 
31756  82873 
28700  1549 
28700  12669 
28700  94700 
21159  5378 
7275  54091 
37558  71380 
21255  46506 
23267  6281 
10481  19178 
36656  20450 
36656  47893 
31024  15284 
31024  31793 
31024  74039 
31024  94604 
18980  71946 
21426  61383 
8852  93180 
18558  44989 
30479  87672 
42758  68723 
27948  3494 
27948  99479 
23769  23295 
23769  44280 
3761  63199 
3761  82609 
43496  45902 
30522  76400 
10977  47229 
10977  91823 
39022  50781 
23385  1288 
23385  12992 
23385  56539 
4990  9898 
28054  73314 
28054  96955 
33463  76380 
40983  10732 
8896  17122 
20716  32040 
20716  79388 
36756  58534 
7371  260 
16611  73670 
16611  92634 
16536  6864 
13236  16599 
16692  19491 
16692  44794 
27249  9348 
27249  18308 
27249  40439 
37521  47576 
37521  74644 
134  4149 
134  97595 
30751  62293 
30751  75841 
30751  90336 
26385  12484 
26385  17010 
22721  42778 
22721  55962 
12725  32671 
12725  81161 
704  27372 
704  85061 
704  97267 
15392  15509 
15392  45329 
16811  3098 
16811  80970 
6433  13455 
20944  62598 
20944  79295 
29468  1567 
29468  89758 
11230  64700 
11230  65640 
8668  85391 
6712  24257 
6712  70380 
22173  23788 
22173  24249 
22173  82170 
22173  95747 
28276  42562 
28276  63054 
23901  6112 
23901  31998 
26201  53657 
20628  35051 
20628  84681 
20777  37034 
20777  66745 
21700  32334 
21700  40968 
21700  46131 
21700  61483 
25302  66926 
34429  83996 
34429  98289 
43566  85185 
43566  96380 
43566  97531 
22081  24111 
26936  18092 
26936  48845 
26936  55215 
26936  72900 
26936  76280 
40757  17645 
27726  22703 
27726  82520 
27726  98674 
15953  35387 
15953  51828 
35622  65217 
35622  81563 
8641  59071 
8641  73188 
8641  87014 
5827  89504 
15404  26807 
15404  59962 
15404  80038 
1413  62379 
9594  11116 
4166  44300 
26320  37680 
15394  61110 
17585  43502 
17585  57721 
17585  89829 
4541  54955 
40378  76692 
17063  48437 
12624  10276 
12624  11449 
12624  13518 
35206  46797 
35206  50327 
35206  70757 
32145  28736 
25551  23738 
25551  85760 
33143  1610 
33143  44679 
26319  34701 
39170  76165 
39170  82187 
39170  94593 
36366  59523 
31206  76486 
31206  80089 
34945  3101 
35436  16031 
35436  46491 
30814  25060 
3984  33227 
3984  62220 
3984  86012 
14067  76055 
27965  25757 
24504  18365 
24504  77775 
21275  34317 
21275  81561 
35577  62586 
3592  10084 
3592  35346 
34824  57349 
34824  68696 
7042  35164 
19472  88645 
19472  90331 
15777  6265 
15777  68258 
15777  70947 
15777  84995 
31500  16631 
31500  26480 
20125  62211 
20125  81079 
39859  49874 
39859  78830 
42522  20217 
42522  49262 
18571  1579 
18571  17820 
13746  19494 
13746  61187 
10568  87433 
10568  97989 
19865  67035 
19865  84460 
12996  80341 
15842  79078 
25469  6435 
25469  32437 
25469  97584 
36887  5834 
36887  94968 
3861  14704 
3861  65180 
15586  18851 
654  72643 
22762  32092 
36522  35639 
20368  65263 
20368  89637 
9787  21600 
3113  3949 
3113  74543 
20328  52341 
26090  73718 
26090  97848 
10473  13779 
10473  84958 
25243  3527 
25243  86228 
16234  45697 
16072  1939 
16072  6351 
17252  61137 
25277  92383 
26175  31807 
26175  82778 
33478  90855 
37304  46757 
28481  36421 
28481  92855 
6635  53377 
6635  66799 
6635  84116 
15986  39139 
15986  44542 
21528  51908 
29610  26744 
29610  47825 
31413  80451 
31413  82870 
31413  98118 
21391  8013 
21391  27913 
21391  84669 
15245  61144 
15245  71034 
15245  79466 
13650  47533 
16532  27940 
18433  16342 
18433  18942 
21629  37858 
21629  48967 
21629  71682 
17155  1715 
17155  61556 
17155  77291 
43356  36941 
43356  44808 
7300  24983 
7300  48770 
14552  54820 
14552  68752 
13396  21578 
13396  83848 
40497  60822 
40497  92876 
19428  65859 
12621  321 
12621  67171 
8686  10930 
40152  57496 
40152  79489 
12670  5824 
26910  3957 
26910  26293 
29288  22376 
29288  79499 
11188  22456 
11188  52699 
11188  81143 
41979  63635 
22342  34647 
22342  78333 
42912  70900 
2098  78682 
21497  31929 
38004  5764 
16194  24563 
16194  75093 
16016  3380 
16016  69811 
14052  48718 
14052  89716 
23094  32693 
31881  7178 
31881  41531 
31881  49631 
31881  82200 
39720  3348 
39720  9757 
39720  69279 
10313  92403 
16789  19122 
16789  66470 
7949  43635 
33958  40665 
33958  49038 
33958  68060 
5591  24698 
41158  76125 
13328  3392 
13328  29541 
13990  10554 
38088  39935 
4516  23979 
4516  61979 
4516  66913 
4516  95047 
35752  17999 
1254  38712 
5332  34429 
21596  8663 
20650  17734 
43871  36297 
43871  87669 
20619  11220 
28584  65000 
28584  89081 
28584  95923 
34895  30503 
13701  14217 
26023  55607 
26023  74206 
28087  17615 
20218  66422 
19339  999 
8506  27401 
7436  21881 
7436  48862 
7436  56173 
7436  71444 
11993  3851 
8185  1827 
29757  8428 
29757  31067 
26072  57559 
5995  14865 
5995  69239 
25206  80752 
25206  81312 
38558  44146 
38558  97090 
22176  6768 
1650  24546 
1668  32592 
1668  67830 
1668  74238 
4334  51771 
4334  58663 
4334  73914 
31894  46743 
31894  55351 
31894  66474 
22634  7263 
22634  66261 
22634  95002 
14757  87543 
14757  90712 
2454  987 
9593  23025 
25416  81709 
23651  19367 
23651  40331 
23651  72286 
5185  29179 
5185  34405 
13150  8798 
13150  40125 
13150  82940 
23775  43314 
23775  92776 
23167  73646 
18424  15996 
18424  29517 
15490  26698 
15490  92213 
13297  80518 
38495  62231 
38495  79301 
39275  7227 
18094  23906 
18094  25943 
18094  30447 
18094  58941 
18094  79875 
18094  84649 
4225  10594 
20207  35013 
20207  46433 
34990  14991 
34990  28540 
6893  46616 
6893  51757 
41505  24596 
26476  26172 
26476  27544 
26476  29445 
17676  43357 
12493  48311 
16067  15040 
16067  32722 
7310  91731 
34255  15708 
34255  24706 
34255  71874 
38433  42557 
38433  71181 
38433  95893 
37812  75315 
18136  54587 
19597  47067 
19597  76313 
8169  73005 
8169  74172 
20679  52287 
11590  2596 
11590  77378 
41989  48333 
41989  50733 
32826  19932 
32826  90372 
18149  3979 
18149  38519 
30327  47982 
14053  13965 
14053  25029 
14053  39164 
14053  55202 
16042  35834 
16042  48085 
10697  3519 
10697  40264 
35619  81186 
42987  27983 
42987  56833 
42987  81166 
42987  94288 
17679  38724 
21628  94077 
19227  45996 
8099  1547 
8354  16832 
8354  50411 
8354  71711 
37429  17608 
37429  61354 
2748  28400 
2748  29194 
2748  34750 
2748  42996 
26873  7183 
1379  22955 
1379  78307 
1379  88224 
16124  68476 
43703  31059 
43703  87274 
43286  48238 
15712  64953 
15712  91464 
40257  80183 
710  6681 
710  75526 
5763  45038 
5763  66325 
5763  96464 
25867  15813 
7757  24250 
7757  35268 
7757  60092 
9789  77702 
19260  39036 
38718  10624 
38718  27304 
38718  40682 
9070  10983 
9070  30251 
36793  16659 
36793  37247 
36793  53080 
36793  54485 
23539  25971 
36575  13054 
36575  14461 
36575  62476 
36225  12745 
36225  22050 
14359  18812 
14359  42276 
14359  49342 
14359  53994 
19178  6053 
19178  11522 
14924  15640 
14924  68260 
14924  90347 
31852  19857 
31852  99108 
3911  30291 
4371  57618 
4371  98209 
31577  47990 
13034  668 
29337  22204 
26521  55480 
26521  88257 
26521  88558 
37759  43535 
37759  69620 
11824  39952 
3395  25289 
3395  67607 
849  16983 
849  17843 
10459  48897 
34451  2146 
42986  49206 
20992  32419 
20992  41350 
20992  92228 
42039  8139 
27070  52990 
13317  12500 
13317  76437 
13317  76893 
18166  81036 
18166  92988 
32224  74490 
18698  14802 
18698  88398 
36112  80400 
24584  9108 
24584  24014 
24584  49599 
1199  6199 
1199  25614 
27012  25079 
7334  33912 
7334  42439 
7334  66913 
42783  73 
42783  35455 
42783  64818 
42783  93668 
16169  67656 
36715  26724 
40705  16571 
32700  25719 
32700  99830 
28856  68365 
39377  37912 
634  40429 
634  84198 
13012  44276 
33244  21450 
33244  58977 
25519  55484 
18822  98791 
36493  93644 
29756  11095 
29756  58458 
1952  35649 
1952  79569 
24980  32883 
41280  7683 
41280  16250 
41280  66479 
30272  13432 
30272  19742 
30272  22160 
8956  8526 
8956  23192 
38848  5389 
38848  47577 
38848  55530 
38848  72710 
38848  91299 
32126  4379 
32126  6669 
4194  43156 
10418  91668 
4607  18908 
4607  78629 
18415  51386 
17203  58179 
32391  29167 
43546  5863 
43546  71602 
17350  90001 
13908  67706 
14585  23003 
4453  89071 
14803  12261 
18330  15294 
18330  60479 
18330  89746 
11007  60283 
36960  52913 
36960  65836 
37557  80403 
5826  26575 
24034  50137 
24034  85092 
16491  90558 
41360  89212 
41360  89843 
41405  51128 
23337  63061 
35699  93168 
37642  29511 
30964  29399 
30964  29645 
30964  39486 
30964  52294 
9486  2738 
9486  47843 
9486  95329 
13671  55869 
13671  88223 
9547  44064 
5833  96361 
11555  15256 
11555  66676 
11555  73246 
42720  9154 
39243  8880 
39243  45106 
35484  98013 
2603  15827 
13656  33966 
35601  37154 
35601  41840 
38983  79211 
31373  55492 
31373  78989 
19242  4649 
19242  91753 
34312  84738 
23639  5563 
20564  38338 
20564  82499 
10860  79641 
11896  99504 
9540  6878 
9540  16951 
3790  78680 
20849  10231 
20849  28268 
30654  76841 
23608  29845 
44004  85087 
44004  89346 
42697  21782 
42697  27690 
42697  69670 
36365  22885 
36365  76745 
25245  66040 
16045  9665 
16045  91019 
34943  7192 
29144  7162 
29144  49166 
29144  72575 
5942  39554 
5942  92853 
24051  13672 
24051  70327 
24051  72391 
24051  72870 
3466  12413 
3466  18765 
13789  68727 
13789  77644 
31011  22814 
31011  33116 
31011  87532 
23603  8256 
9  21165 
9  60398 
9  99625 
39388  1410 
39388  56105 
4269  27561 
4269  88907 
15806  49541 
8662  96789 
41838  36281 
41838  77696 
659  60084 
7721  36443 
39415  20512 
39415  32310 
17762  73050 
38896  4526 
38896  38012 
38896  95439 
30690  25524 
30690  75200 
16460  69437 
17644  32221 
17644  51652 
36691  86327 
20332  59454 
20332  90678 
12789  53695 
12789  67679 
12789  70653 
15435  63152 
15435  85348 
3916  41183 
3916  57314 
38321  9983 
38321  10492 
38321  38997 
38321  50410 
38321  71326 
38321  74493 
6743  9276 
6743  28501 
40215  24015 
32498  23435 
32498  25631 
32498  82977 
16465  56726 
16465  95134 
24567  1864 
382  79242 
39339  28161 
39339  72288 
8717  75110 
30141  60475 
30141  71882 
14935  12939 
14935  42433 
39336  24001 
39336  92816 
35621  38502 
16977  79502 
31971  29222 
5570  87250 
38110  11821 
38110  14324 
15438  43124 
13475  77775 
2813  63409 
22622  21733 
22622  42545 
4642  8028 
4642  53181 
4642  57261 
4642  72904 
6729  26722 
40689  69415 
6851  2789 
13817  64062 
18258  66222 
5748  54399 
5748  56893 
14311  66655 
21455  22727 
21455  49198 
28050  22505 
28050  93295 
1722  96420 
8604  20533 
8604  97887 
6329  73553 
6329  92675 
23051  12603 
34964  9420 
4478  2659 
15274  47257 
33101  46909 
33101  49047 
33101  59723 
33101  86387 
33101  88849 
8106  96446 
27485  87519 
27485  97710 
31275  26160 
31275  89361 
12854  45825 
12854  75177 
37129  38735 
37129  54566 
7167  12819 
7167  13858 
10242  87643 
33079  32395 
33079  99062 
20186  7749 
20186  8983 
20186  73345 
903  48189 
22188  65172 
22188  93092 
19871  13428 
19871  48206 
19871  61194 
27414  10823 
27414  31753 
23562  6681 
18708  93612 
9234  53923 
9234  90310 
38141  2561 
38141  41890 
38141  51900 
38141  89158 
20825  61388 
10540  811 
10540  30240 
9485  38420 
17752  62004 
40719  55125 
40719  87019 
11965  61081 
11965  65145 
31252  57578 
24307  85506 
20541  26236 
4134  38560 
4134  76511 
20774  9684 
20774  31411 
20774  86364 
35757  9731 
35757  10216 
35757  23712 
19536  73058 
19536  76656 
38628  7399 
38628  57827 
38628  81606 
22744  30119 
22744  57688 
22744  62138 
20769  12413 
28081  7321 
28081  64215 
34717  1532 
34717  6670 
22103  17205 
22103  51071 
22103  94351 
4988  40690 
4988  69937 
804  69374 
804  86632 
17834  10236 
17834  58934 
14538  37024 
14538  76099 
21467  33471 
21467  82139 
24585  32099 
36783  41054 
36783  45984 
38733  43572 
18193  12495 
18193  48633 
106  17216 
106  89883 
28656  66393 
28656  76710 
34435  40709 
13763  26617 
13763  34683 
13763  86994 
24592  4860 
24592  26298 
18368  46449 
6404  56462 
6404  58368 
6404  70450 
30950  8945 
30950  18829 
34547  93657 
6688  70403 
32430  20914 
1184  12970 
26083  45123 
26083  88565 
20867  13140 
20867  65634 
13269  72330 
13269  78117 
19643  79421 
32566  75537 
31616  63105 
17647  9213 
17647  92044 
326  14961 
326  30603 
26433  8544 
26433  80184 
26433  90933 
33915  26873 
43855  61160 
16417  35579 
16417  82044 
16417  96934 
23853  38088 
23853  56888 
23782  25800 
23782  27578 
23289  88836 
35032  23156 
35032  42848 
15909  93245 
16212  79285 
41130  65023 
39118  5715 
39118  61328 
240  7764 
37740  1316 
37740  41083 
11288  97893 
2626  45401 
38034  14597 
38034  57910 
21052  3579 
21052  31671 
21052  66483 
20198  78403 
20198  93611 
33385  24959 
33385  71511 
13172  42267 
13172  45528 
34570  94743 
39394  1213 
17045  13421 
17045  26854 
29284  35282 
29284  67438 
29284  80953 
37331  43521 
37220  8756 
36006  3744 
36006  4836 
9878  12104 
9878  37896 
9878  59623 
6820  4572 
6820  53754 
11374  72677 
29150  66411 
29150  77778 
29590  31897 
29590  92674 
29590  93320 
38055  52421 
16833  76370 
12253  49577 
12253  65237 
32873  3745 
32873  22628 
16096  41882 
16096  71114 
36608  8652 
17491  14576 
40955  68742 
40955  85043 
40955  97244 
29211  14986 
29211  97232 
13847  13887 
15773  62307 
14215  23999 
14215  62884 
14215  66947 
23723  86205 
4863  34880 
4863  95801 
4863  96836 
24279  10285 
24279  38723 
7722  81883 
20924  50103 
20924  59869 
42200  35860 
42200  65119 
18898  69949 
18898  81449 
21221  6648 
21221  32619 
21221  54321 
1174  90890 
12020  13404 
7053  12184 
7053  25264 
7053  82732 
7053  95208 
33743  75054 
3551  50379 
3551  84635 
3551  87743 
36753  60132 
35891  83052 
33018  5117 
33018  17202 
33018  68721 
27900  9213 
27900  33837 
10055  48966 
10055  85311 
39183  32871 
10514  29831 
10514  30236 
10514  55096 
10514  70023 
2982  76110 
30315  86357 
40592  8538 
20511  88221 
21952  53571 
11755  72154 
34014  4038 
40726  67457 
9126  43013 
9126  96459 
6198  31159 
35055  20436 
35055  69562 
35055  84273 
15951  18185 
15951  21961 
15951  99331 
28720  60561 
34753  28771 
17225  26589 
17225  47722 
17225  65922 
14835  93320 
14835  94301 
4449  5053 
4449  50548 
38703  31713 
38703  49079 
38703  70627 
33804  53470 
30157  92851 
40734  66191 
4286  1066 
34196  80429 
3972  56553 
3972  63566 
1422  33389 
1422  84061 
41187  47939 
41187  55040 
41187  57362 
41187  67352 
28922  15725 
28922  28552 
28922  39250 
28922  52035 
32648  1339 
32648  53131 
32648  88964 
831  14106 
15932  3552 
21107  57297 
32139  23387 
32139  48398 
19692  3203 
1428  16871 
1428  40506 
1428  77668 
31056  59088 
31056  66076 
31056  79571 
323  2664 
323  33828 
25043  23487 
43785  21675 
43785  50961 
43785  62877 
38095  34425 
38095  56500 
38095  91024 
12579  28292 
12579  60030 
29006  19280 
29006  74275 
29006  81071 
4096  41904 
10091  49669 
10091  55254 
10091  67086 
18455  21903 
16619  843 
16619  48947 
16619  70836 
7129  71480 
28642  54817 
17756  63307 
17699  26785 
17570  58469 
21617  85277 
43248  26715 
43248  73481 
43248  82152 
5008  21144 
5008  29962 
5008  57905 
5008  82314 
8785  14160 
8785  47183 
8785  55071 
8785  58222 
23919  44632 
2985  42194 
2985  43911 
2461  38876 
27473  56248 
27473  81467 
17129  39947 
17129  48943 
10000  99775 
28300  47117 
28300  51083 
28300  68813 
23394  85531 
26554  41996 
4912  45139 
2839  10964 
2839  94185 
30662  33391 
10049  6488 
10049  50512 
9365  5121 
15659  19840 
15659  28302 
15659  69733 
15659  93378 
1513  65857 
1513  77204 
40187  15516 
40187  43780 
40187  66500 
14902  3859 
14902  25561 
6671  93129 
31909  47867 
31909  57320 
31909  65421 
34670  18603 
13103  55138 
7920  49782 
7920  75906 
14611  50015 
22263  13937 
22263  83374 
26927  68967 
24242  8939 
19460  61719 
34694  36800 
34694  42478 
7446  18334 
7446  81938 
7446  87190 
38800  34009 
38800  39893 
38800  54121 
31929  78577 
29826  42137 
32488  22489 
32488  22983 
32488  60839 
41452  78953 
26735  6938 
26735  45228 
26735  94582 
10360  36629 
10360  68463 
3275  15470 
3275  17385 
26146  58914 
26146  96347 
24991  73903 
24991  94865 
10607  89807 
18983  90674 
21085  16024 
21085  26562 
21085  33915 
21085  76826 
28220  12404 
28220  44660 
34511  31081 
34511  93225 
22862  46125 
22862  97389 
3627  34159 
3627  40800 
3627  49889 
3627  67581 
29628  88879 
2305  14743 
2305  35592 
2305  50013 
2305  79746 
11133  83325 
22073  17809 
22073  24110 
22073  61668 
9468  64481 
14354  28113 
14354  84544 
1827  34015 
8328  2747 
8328  39124 
29501  3520 
29501  24088 
29501  54716 
1776  36699 
13206  33320 
13206  83306 
13206  92935 
25868  9891 
25868  44079 
25868  44531 
21261  12225 
21261  52413 
21261  93429 
21261  95154 
437  82702 
41150  89431 
28272  11204 
28272  84621 
28272  95633 
37975  36286 
37975  36846 
37975  54719 
32604  59145 
19689  89465 
1385  11797 
30093  32081 
30093  48102 
34345  25446 
30330  17195 
30330  45728 
15058  34353 
33210  45521 
26480  71278 
31667  11311 
31667  47616 
36598  63860 
20376  18359 
20376  32111 
9290  54710 
9290  63566 
9290  76290 
27111  66814 
27111  67688 
21908  64581 
21908  70176 
23831  10009 
23831  22484 
31707  74832 
11641  57206 
11641  97429 
19342  11516 
8800  16340 
8800  94119 
18125  41954 
18125  70554 
18125  97093 
27576  30902 
30721  39725 
30721  55659 
30721  83213 
11736  64426 
41679  29661 
41679  60770 
14541  9854 
14541  33415 
14541  55899 
718  52156 
6550  49729 
6550  93161 
15042  40766 
15042  59789 
29966  50597 
4127  13023 
4127  17122 
4127  57342 
4127  85300 
4127  87399 
34862  95439 
39597  29699 
39597  53721 
5514  57003 
33709  36745 
33709  43961 
42004  98818 
9818  60537 
28256  95156 
9248  34100 
9248  64958 
9248  91637 
41232  12112 
41232  63036 
3096  55118 
3096  82835 
34471  3718 
34471  4583 
38721  143 
18857  40129 
13022  51841 
13022  61811 
40133  871 
43668  95000 
40223  32355 
40223  41155 
40223  61323 
24589  9127 
24589  62585 
24589  69876 
13977  45569 
4530  82652 
38524  21403 
38524  47957 
30123  28350 
26489  7212 
26489  56116 
26489  79203 
22811  3304 
19586  63606 
19586  85086 
23007  82970 
14214  47380 
14214  52333 
25666  14579 
25666  55909 
25666  70462 
9411  38957 
9411  97172 
75  11015 
75  16354 
75  48025 
12893  18148 
12893  44294 
37528  3597 
37528  65503 
37528  90791 
17550  61394 
8651  5976 
12124  11280 
12124  23797 
38643  41 
38643  43428 
43756  53517 
43756  85741 
5162  49234 
26595  64880 
29871  73987 
9870  58201 
42607  30430 
42607  42118 
30856  14128 
30856  89710 
34999  39991 
34999  65262 
7538  15361 
3553  91583 
13096  83210 
17627  67392 
30672  97698 
24267  96761 
6378  38654 
6378  67602 
21174  55328 
21174  64751 
782  46214 
2412  23302 
2412  35129 
2412  97248 
24285  29372 
37578  97065 
32617  65372 
11500  57113 
4608  56722 
419  79052 
3612  44867 
21472  71239 
21472  80018 
21472  82078 
36699  10038 
30988  11966 
22443  50808 
15234  26518 
33050  4664 
1453  76554 
33781  83826 
9691  61222 
2310  23953 
2310  77411 
36409  38849 
40218  30281 
40218  87107 
22635  19422 
22635  57238 
22635  92254 
3250  2985 
3250  7326 
3250  75251 
2514  7741 
2514  60829 
31620  2615 
31620  44150 
12306  6288 
12306  57448 
12306  92543 
11614  57808 
32798  9848 
32798  48578 
32798  94156 
9586  6526 
23681  90947 
2248  14828 
2248  89711 
30861  44918 
33681  13684 
38125  44959 
38125  94043 
28019  1124 
28019  24361 
28019  52403 
32745  45247 
808  58379 
808  94583 
34365  9347 
34365  13242 
3767  19973 
30041  25603 
30041  29775 
11782  95495 
19518  29068 
19518  94782 
17896  6322 
17896  21504 
17896  25887 
9801  33761 
20971  48174 
20971  76853 
1604  69700 
36860  7108 
36860  34342 
36860  64116 
7295  3097 
7295  53040 
7295  57785 
23419  14665 
854  76837 
18233  20866 
18233  38383 
18233  67570 
14695  28545 
10757  55938 
35784  81358 
24683  89626 
2814  17273 
28194  38845 
28194  83636 
19030  18547 
19030  84629 
7967  42879 
7967  53337 
7967  76465 
36543  66487 
36543  81418 
24562  33871 
24562  56816 
35230  16564 
38792  33471 
38792  94525 
12925  16796 
12925  30519 
12925  53410 
12925  86222 
19073  37451 
6650  66449 
6650  87229 
6650  99825 
35861  49478 
31841  9469 
25933  26969 
25933  64313 
9081  46154 
9081  53802 
43051  33694 
32253  4919 
32253  8545 
9228  39194 
28701  1130 
11283  62109 
12588  19039 
12588  81033 
13148  90226 
26466  39457 
26466  46204 
26466  82204 
39328  85992 
38285  72452 
32047  6501 
43030  35529 
6975  36263 
4081  355 
35365  76353 
13425  86120 
8454  16706 
19331  26844 
19331  51546 
35399  56467 
35399  69089 
35399  83292 
9753  49991 
9753  82152 
40233  8357 
40233  20990 
40233  83232 
31153  30406 
31153  76049 
11325  43367 
11325  56249 
40093  69304 
40093  86924 
2296  40551 
33636  58504 
35606  72469 
31377  13300 
31377  17800 
31377  37929 
21489  60266 
21489  86433 
16537  28896 
16537  44817 
10315  77355 
31196  58365 
31196  60232 
31196  93966 
41026  81861 
16602  51264 
28402  90929 
12016  68574 
5850  5674 
36287  51344 
36287  87830 
36287  96836 
23146  53090 
27933  4822 
11332  34750 
11332  34992 
11332  41749 
11332  92111 
4358  85473 
29299  18445 
29299  85741 
12735  84902 
2198  749 
2198  65352 
21992  61435 
21992  64121 
30769  221 
30769  15934 
10965  42194 
10965  55361 
10965  94322 
40151  44187 
39038  8774 
39038  24975 
36049  50994 
36049  86447 
19896  88747 
42131  12815 
42131  57735 
42131  60349 
21674  99345 
3003  61015 
3003  84257 
27346  44757 
27346  57502 
26620  7479 
26620  26805 
26620  88393 
18038  35382 
18038  73663 
39168  97333 
10399  17255 
10399  68221 
34102  14776 
34102  64584 
34454  48603 
34454  70120 
34454  96975 
42900  4928 
37016  36040 
37016  87118 
30224  83278 
31087  51097 
25752  43386 
14503  19318 
14503  80164 
21313  30134 
21313  37294 
23733  28180 
753  53801 
753  65996 
8227  26322 
35439  44488 
35439  75335 
11469  22604 
11469  24269 
13774  43111 
17427  79686 
2341  4661 
35612  27697 
35612  44486 
35612  77253 
28170  87420 
39374  5239 
39374  57549 
43567  40090 
43567  40662 
4373  85613 
34645  241 
34645  27113 
8100  24823 
8100  99340 
10768  85317 
28444  20732 
28444  49628 
28444  81465 
30493  5143 
30493  20511 
30493  26711 
30493  49208 
19875  80187 
19496  35455 
19496  55592 
34445  41660 
34445  42683 
43695  23429 
26003  26054 
26003  47914 
40413  24199 
30794  55184 
30794  95769 
42211  19115 
42211  41340 
5991  22477 
5004  69656 
5004  78518 
16319  7176 
16319  38024 
12646  18221 
12646  40945 
12646  42468 
37001  68622 
12331  20563 
12331  77359 
31133  32539 
15321  37385 
4581  20070 
4581  61427 
28121  65451 
28121  80167 
14717  53537 
28780  40154 
28780  99642 
41214  81085 
41214  96750 
5552  75171 
5552  95211 
41122  88691 
41122  90559 
20452  50018 
20452  74825 
35653  15036 
35653  18458 
35653  32316 
30573  71073 
30573  96532 
20084  49599 
20084  76528 
20084  84637 
20003  45853 
36907  17696 
36907  34724 
26790  82119 
26790  91210 
30961  67547 
14301  1 
11437  33296 
22789  12114 
41055  77628 
41055  97149 
39860  71168 
15214  35121 
15214  53651 
30511  12320 
13488  27380 
13488  72524 
37654  21242 
37654  24964 
37654  41880 
37654  92806 
7663  510 
7663  11840 
7663  46757 
29261  4182 
29261  36792 
29261  75944 
22897  11788 
22897  40599 
22897  79623 
2899  14973 
2899  45022 
2892  32892 
2892  58592 
11442  38002 
11442  46535 
11442  57639 
11442  58201 
11442  93315 
39083  21094 
39083  32966 
39083  74459 
39670  70501 
39670  95069 
33521  14008 
33521  40631 
17594  51226 
11244  32997 
11244  91454 
17121  23704 
17121  36832 
17121  54185 
9854  24103 
24766  30693 
24766  31786 
24766  72530 
24766  88104 
24766  99399 
14084  15912 
32123  18960 
32123  20313 
32123  34949 
32123  46418 
19015  55360 
41344  1218 
41344  23806 
41344  61993 
9336  73327 
9336  94721 
14238  47100 
14238  56303 
14238  71162 
40292  24254 
19644  32356 
25074  3553 
25074  51922 
25074  54498 
37790  1153 
37790  90406 
821  21101 
42234  67015 
26574  96387 
24599  84476 
21609  81270 
21609  85228 
21609  92008 
12584  14812 
31711  80806 
31711  81701 
36031  77609 
39601  52127 
16343  78942 
13415  61414 
13415  71832 
13415  76332 
30930  5551 
35909  30538 
35909  74794 
43483  9611 
43845  74816 
43845  77045 
2293  10005 
2293  32009 
14791  4965 
8030  34794 
8030  38354 
8537  995 
8537  47354 
23797  44750 
23797  74654 
28870  38062 
2203  31408 
2203  38617 
33883  11400 
33883  40512 
5628  66300 
5867  18436 
5867  22319 
5867  24471 
32981  42209 
32981  85226 
38990  9323 
12482  57692 
12482  64635 
12482  88328 
24550  11670 
24550  63515 
19984  45716 
19984  71595 
28509  64374 
28509  70468 
26890  51163 
26890  54958 
26890  76894 
26890  94732 
635  67157 
635  84230 
11916  11725 
11916  42034 
11916  54307 
11916  88524 
24389  43321 
24389  94610 
24389  97665 
14104  37468 
1539  59144 
37033  96748 
21647  32773 
21647  94196 
22047  71628 
20988  96751 
20988  97449 
2827  17744 
2827  29821 
27114  67873 
25369  39819 
9770  38354 
27850  52940 
27850  71665 
38836  18582 
4462  5244 
4462  18824 
30548  8490 
30548  93142 
3261  70404 
855  78836 
4335  62629 
4335  87188 
4335  89747 
2868  41745 
6141  46481 
6141  69956 
20786  57273 
20786  62915 
40339  47216 
6263  99698 
32849  17558 
32849  44230 
32849  94312 
30972  50811 
2928  92583 
2928  96202 
3291  26287 
27590  92611 
23708  50733 
23708  95175 
3237  1822 
3237  13276 
3237  56266 
3237  74190 
20102  99961 
17167  51123 
17167  94998 
32858  77705 
18326  53966 
18326  56621 
18326  72437 
10318  12058 
10318  68595 
4066  7160 
4066  25975 
23543  33130 
23543  47262 
23543  82345 
43469  15734 
41284  22684 
41284  25064 
41284  58350 
41284  84074 
34055  6064 
27604  32221 
27604  50661 
27604  70262 
27604  86263 
15540  23368 
15540  73138 
15540  92790 
42116  56189 
26328  68566 
9793  18687 
9793  27206 
9793  87187 
39276  13597 
16120  17803 
16120  98330 
18715  13849 
18715  29213 
18715  55680 
18715  81882 
4618  28230 
38128  58107 
6868  50778 
16550  6753 
37835  83124 
3090  49570 
15120  9592 
9046  44648 
38652  36885 
38652  55529 
41608  37369 
165  28514 
17561  20981 
10686  26593 
10686  98564 
30262  3951 
30262  4727 
30262  6913 
26755  10658 
2240  6451 
16978  3378 
7082  65971 
36728  78130 
2970  63679 
30359  95583 
35652  36264 
35652  44719 
35652  70572 
14209  85139 
21508  75685 
21469  6108 
20688  36015 
32271  8097 
32271  92736 
20522  87912 
442  92161 
25108  416 
25108  47508 
15039  16347 
15039  26243 
15039  94779 
16283  5235 
16283  50851 
16283  61084 
16283  99994 
31213  92427 
17976  230 
17787  39571 
17787  73955 
8886  20362 
8886  88982 
8886  99756 
33466  85811 
15929  84512 
10366  3910 
4637  32416 
1376  23762 
39791  64702 
867  93507 
28996  25677 
14625  63149 
14625  65305 
14625  79246 
42864  63866 
42864  78122 
41161  40978 
13303  48242 
38812  47214 
14015  7436 
16678  26817 
16678  53338 
16678  85253 
33772  25489 
33772  29768 
20514  12072 
20514  95872 
20514  97874 
10599  7297 
10599  60983 
10599  96600 
36566  45448 
38763  24914 
35937  40562 
35937  69987 
18932  54660 
18932  69612 
31290  93107 
7028  8836 
15539  44298 
10003  30823 
10003  35334 
17437  99268 
34335  62883 
4212  38116 
4212  45731 
4212  91209 
19987  16602 
19987  75234 
10580  56150 
24516  14513 
23629  83903 
23629  99847 
29965  26348 
29965  40495 
1310  11976 
1310  29846 
1310  62906 
1310  76465 
39817  45687 
38681  20639 
38681  57139 
38681  68955 
32840  49506 
34537  44189 
27483  54147 
27483  88079 
23930  87829 
23930  95877 
24399  82156 
24399  85385 
37875  25921 
37875  43715 
43648  63231 
16089  85803 
4789  9107 
4789  61603 
7892  56964 
7892  61188 
24759  20954 
24759  58196 
34142  33607 
34142  94289 
30266  2109 
30266  63171 
27869  37994 
13387  65039 
13387  97294 
2811  43497 
18430  99737 
12358  40534 
12358  53150 
10747  71707 
24648  83554 
34858  93745 
4451  26960 
4451  51535 
4451  90369 
6100  27397 
21824  58664 
6591  10760 
28382  29532 
2331  9702 
2331  17247 
15088  5122 
15088  18202 
15088  97888 
38293  63785 
33182  14912 
33182  79795 
35220  15184 
16292  7669 
26633  265 
26633  62224 
29904  28657 
25207  11751 
25207  49938 
9741  71693 
9741  80003 
28021  1615 
25589  83349 
25589  93554 
16990  35281 
1455  20302 
12159  28931 
12159  73451 
231  14762 
231  37330 
6276  9014 
6276  91462 
29614  22360 
43715  11254 
43715  14071 
43715  44395 
43231  34961 
43231  84862 
43231  93865 
23565  37215 
37628  52036 
18661  72428 
18661  73565 
18661  88242 
18661  95423 
41497  2837 
41497  5921 
41497  59476 
7630  7125 
7630  41153 
4640  52912 
4640  76639 
4640  83016 
9372  24311 
9372  87444 
9372  94177 
31086  97004 
6192  28886 
6192  34348 
6192  42834 
26483  2483 
26483  5010 
37891  2325 
37891  95022 
2133  31699 
9685  880 
22140  5065 
22140  49651 
22140  50959 
18583  87672 
19313  17919 
19313  45442 
18138  65602 
5610  94388 
5610  98034 
7284  8342 
7284  93435 
13633  69183 
38581  39201 
38581  58982 
38581  87344 
9662  696 
35505  30350 
23458  82263 
8145  8544 
4633  89901 
36927  41473 
36927  46537 
33710  57589 
33710  97190 
39643  30709 
18887  47249 
18887  51981 
27684  88529 
15476  23715 
15476  77515 
15907  744 
15907  32028 
15907  90246 
34746  91136 
32966  41993 
12343  47378 
12343  70162 
33723  39743 
21157  98699 
39293  62665 
38653  85775 
6700  15088 
11749  97392 
12477  53057 
29473  70627 
29473  72669 
8183  71889 
27374  22829 
27374  27851 
27374  60042 
3074  9342 
3074  31122 
22404  18239 
22404  54694 
4814  60413 
4814  64893 
23187  5619 
15502  22137 
14816  4830 
13835  73469 
29518  16309 
29518  67032 
39283  19220 
39283  32133 
39283  52447 
33263  7354 
33263  62938 
7237  28742 
23796  20046 
23796  22061 
31207  38931 
31207  50696 
33490  42038 
33490  52980 
36228  4095 
36228  46679 
36228  90730 
35615  56653 
17060  10438 
17060  89403 
14233  65348 
2563  38552 
2563  67895 
11049  5331 
11049  54044 
9709  16835 
19262  41138 
19262  97194 
27226  17818 
27226  61880 
19019  12678 
39906  27050 
39906  27840 
39906  89465 
2410  24014 
2410  77020 
11512  91598 
17175  17875 
17175  66545 
18229  37266 
32063  23373 
3272  30793 
28040  1025 
7748  42677 
33821  56399 
7981  12793 
7981  54275 
7981  76469 
32730  35258 
5116  59632 
5116  99813 
41096  10063 
41096  92699 
21350  78564 
8722  41095 
15789  4847 
27154  7026 
156  47227 
156  74151 
34026  3673 
34026  10471 
8920  12994 
37082  3407 
37082  94842 
8261  38073 
8261  55731 
8261  64583 
42686  25048 
8451  32908 
15109  11762 
15109  26229 
20894  29645 
3455  61419 
22565  77795 
22565  81776 
37417  35512 
12713  48847 
6410  20290 
26206  3890 
26206  17516 
26206  31894 
15599  44417 
24407  61244 
24407  81121 
29937  79858 
37058  20074 
37058  43502 
25265  97211 
26585  40189 
3662  72715 
10750  38888 
10750  96266 
39253  5528 
20853  30418 
20853  65100 
12037  11958 
12037  59572 
11412  66294 
10829  32745 
10829  56777 
10829  84397 
4040  1434 
21692  13457 
21692  92076 
21692  92314 
15961  82024 
15961  92441 
40414  2466 
40414  3035 
40414  20053 
37571  31185 
11900  31961 
11900  39962 
11900  56868 
3546  34886 
30150  3993 
30150  50397 
23116  49631 
23116  58959 
14965  36055 
32103  73017 
9432  66683 
20958  36229 
20958  88064 
9286  15278 
9286  92091 
34252  91039 
6575  98741 
41480  1065 
41480  15592 
41480  23901 
10198  44471 
34322  19880 
11603  53452 
11603  88215 
11603  96811 
37934  7025 
37934  50889 
29554  28940 
7539  343 
7539  61478 
26682  5148 
8423  89978 
1190  12924 
1190  55030 
1190  73139 
22310  74797 
22310  77738 
24608  69778 
24608  75886 
3862  55869 
27784  87831 
19054  16755 
12733  3366 
12733  26832 
26189  60875 
26189  64148 
26189  70402 
26189  82116 
26189  91949 
40398  18658 
15466  69546 
15466  91301 
13419  15244 
13419  78642 
39058  15811 
39058  52431 
29693  26984 
29693  29167 
36937  1863 
11266  53295 
11266  72529 
9906  51334 
4579  32566 
4579  67343 
16771  70383 
11926  6583 
11926  41430 
3128  65865 
40000  97131 
2378  21509 
2378  34388 
2378  80549 
30580  60516 
32439  33050 
15473  7534 
15473  14203 
15473  20145 
303  83877 
303  93866 
303  99527 
19414  67717 
19414  99375 
13683  28360 
30342  2297 
30342  15737 
30342  24146 
19061  1897 
19061  55080 
16534  1396 
16534  51424 
42165  69247 
33647  73423 
26383  78967 
2525  46239 
2525  96073 
152  31740 
152  37177 
152  81935 
152  95741 
29738  35552 
17397  34928 
22980  33253 
22980  70205 
22980  73226 
20482  1138 
11672  38080 
11672  89496 
5626  31502 
5626  75017 
19056  61164 
43046  6416 
43046  44553 
4430  50559 
4430  98751 
21226  33296 
40901  16018 
40901  86259 
8340  24891 
8340  75471 
43768  22934 
43768  25413 
6053  34894 
6053  59449 
11985  3218 
26527  35363 
26527  59298 
30069  37248 
30069  59884 
32135  77006 
32135  85208 
31015  33880 
31015  56095 
31015  74288 
3760  19425 
3760  78691 
3760  79313 
3760  97669 
10685  77795 
17354  17684 
17354  33840 
17354  55600 
11052  70162 
11052  81701 
728  28052 
728  74124 
39655  66971 
18996  1189 
18996  46064 
18996  91350 
26103  20709 
26103  44377 
26103  46657 
2976  70065 
22512  8446 
22512  33147 
37636  11892 
37636  28377 
37636  34748 
38360  25004 
38360  84684 
29680  37890 
29680  55815 
29680  68740 
456  4081 
456  60156 
9333  4449 
13308  44370 
36840  45959 
36840  66712 
36840  72157 
6475  76993 
24943  41595 
24943  74407 
29892  36485 
28370  77319 
28370  84215 
5319  5680 
9761  2217 
9761  6196 
9761  41129 
9761  54933 
9761  59340 
9761  76107 
38799  39318 
38799  68123 
42163  4783 
39448  81426 
24816  8037 
24816  36895 
24816  44632 
12546  46928 
12546  50832 
11136  10990 
11136  31758 
7839  17503 
42581  7930 
42581  26232 
26066  61537 
36698  94238 
37789  57197 
15818  42666 
9010  6127 
40830  80340 
26051  47801 
40135  26762 
40135  74915 
37473  6983 
37473  49080 
37473  50150 
8544  41455 
8544  43636 
34566  13436 
20615  22485 
20615  51837 
20615  59751 
33627  82847 
11226  1080 
11226  55546 
3465  24433 
26470  31884 
15565  3615 
930  16583 
930  70042 
