8840  31789 
8840  67629 
8840  86350 
6722  4257 
6722  97070 
6389  41862 
1382  53994 
1382  66874 
1382  89593 
1382  99803 
2180  74790 
2180  94845 
8207  30004 
9416  12280 
9416  16406 
9416  76932 
8585  43450 
8585  54644 
8939  7436 
8939  23870 
1683  19255 
1683  76485 
540  54856 
540  88494 
9604  39123 
9604  63344 
7084  34578 
7084  86152 
6523  29084 
2153  41163 
2153  59719 
10327  34475 
10327  53309 
16  1884 
16  62573 
16  62807 
1473  14052 
8086  66075 
10365  89955 
5965  32767 
5965  59797 
11856  37451 
11856  96061 
4005  55643 
5731  93604 
3367  45876 
3367  88442 
14532  58936 
11321  61461 
3046  36769 
3046  59369 
2294  34790 
2294  46951 
2294  79807 
11143  8169 
11143  26839 
6493  35731 
6493  37869 
2307  21612 
2307  50528 
2307  56251 
12333  55548 
12333  69833 
7121  74647 
986  54837 
986  95395 
14693  47190 
14693  51673 
11498  32193 
12032  24759 
6858  74217 
4204  15088 
4204  87224 
2251  43850 
4441  19056 
4441  34282 
6469  58262 
6469  72007 
14507  58084 
14507  93793 
5715  86089 
4921  70153 
12466  5215 
9459  35343 
1884  66699 
13340  10165 
13340  55545 
3335  21243 
2499  9191 
2499  44566 
6904  4194 
6904  79487 
2752  7722 
2752  37061 
14112  894 
14112  41189 
14112  46400 
14112  58110 
8961  7944 
8961  43124 
2503  61292 
2503  68371 
11064  6571 
11064  97427 
9910  39347 
2007  76368 
1595  2406 
1595  67474 
1595  82165 
8491  24480 
8491  93365 
8268  481 
8268  76697 
8268  98029 
11424  15798 
11424  58995 
9363  56800 
12235  11494 
12235  60943 
12628  36755 
12628  45170 
12628  96759 
2547  5623 
5403  16828 
11392  16814 
11392  40815 
11392  88200 
12929  60735 
12929  74298 
12532  2503 
12532  4127 
12532  80493 
8533  10226 
8533  14957 
4301  48744 
14362  15375 
14362  22431 
14362  50412 
14594  72099 
5990  98487 
5990  99895 
4038  16546 
4038  73260 
1457  26294 
9498  86195 
9043  8813 
7115  39115 
7115  45918 
14278  38225 
8798  27490 
8798  34532 
8798  54321 
8798  60995 
8798  63586 
8798  79204 
1023  57486 
1023  62554 
14326  12509 
14326  60608 
14326  61896 
11360  97331 
2216  72 
2216  65575 
2345  40656 
2357  8614 
4632  20993 
4632  31308 
13777  66911 
8432  37079 
5871  11503 
7282  24880 
7282  50603 
7282  67033 
321  13069 
7438  14922 
12850  31712 
12850  38513 
12850  89149 
11863  59285 
2837  22829 
2837  59302 
4680  65798 
5542  78274 
5542  93908 
3607  25022 
3607  72646 
3607  88489 
3607  95473 
12308  13495 
194  79472 
8737  86289 
517  1525 
517  68829 
517  70236 
2354  93280 
14196  75314 
271  77682 
11320  73853 
11320  84569 
11036  68508 
8750  81790 
8750  86936 
10151  2856 
10151  23636 
13746  27355 
13746  32890 
3173  73565 
1478  37223 
1478  65809 
11275  60599 
11275  65191 
6945  28275 
6945  65754 
6945  66059 
7699  17759 
7699  41067 
2680  28788 
11897  42963 
11897  45845 
11897  57779 
12017  58682 
3450  19803 
3450  35926 
3450  96556 
2971  10823 
2971  16017 
2971  58893 
2971  93074 
2997  26156 
2997  83830 
1164  45870 
9338  28345 
9338  59831 
124  36620 
124  92002 
8029  1334 
8029  84223 
3725  32970 
3725  59389 
8099  25605 
9186  31717 
9186  75787 
8318  54075 
6532  23797 
6532  25750 
9982  17645 
742  55566 
2194  34762 
2194  57324 
7156  87243 
7156  97298 
816  78453 
6879  17742 
6879  26633 
4285  27879 
4285  80097 
4285  95378 
6925  32272 
12912  86815 
12912  88326 
6373  13143 
6373  27674 
5623  53964 
5623  71670 
14201  8072 
14201  69877 
11046  99399 
9789  27951 
5665  12819 
5665  35453 
11577  9228 
11577  74974 
12890  20830 
1304  80729 
8816  21154 
12444  16911 
12444  93953 
542  40376 
8996  46627 
8996  71521 
10866  96859 
628  80596 
9541  78693 
1267  51980 
1267  68531 
5201  70325 
4582  38848 
4582  51106 
13740  28434 
13740  30489 
13740  74990 
13740  95385 
12321  20852 
12421  26724 
12421  64284 
2624  6514 
2624  34516 
2624  45784 
2125  48280 
2125  55210 
6725  11844 
11691  40589 
11691  58941 
11334  19142 
11334  25307 
11334  54146 
5028  9755 
5028  18259 
5028  85804 
5028  97916 
7473  99308 
3870  86848 
2223  22511 
2223  32225 
2223  42009 
2223  46083 
2223  79785 
5379  11123 
5379  53984 
4453  11802 
4453  24006 
5026  32938 
7332  41564 
7332  67461 
12282  6254 
10100  42192 
10100  81850 
9076  9212 
9076  21103 
9076  47739 
6041  8675 
6041  97966 
13840  80555 
13840  98796 
13840  99239 
8331  23147 
14028  62065 
14028  86322 
9063  2605 
9063  45755 
6505  38090 
363  11316 
363  25882 
6815  604 
285  58130 
285  74456 
285  92014 
10216  27041 
9706  86566 
4999  11914 
4999  66359 
2295  81961 
715  69403 
715  73674 
715  98537 
14017  95700 
11181  86589 
8827  45729 
8827  64910 
8827  87422 
5706  39834 
5706  77974 
9188  6723 
9188  77089 
9188  96702 
12699  43843 
12699  47210 
12699  73726 
13660  45348 
13660  46711 
13660  48286 
13601  66357 
2006  25446 
2006  87687 
1586  46109 
14000  36454 
8148  654 
8148  29028 
8148  70065 
8148  96827 
6356  75993 
2516  88988 
9204  12557 
3135  94228 
7467  45495 
7467  62354 
9435  53252 
9435  68687 
9435  86934 
7013  1470 
7013  8041 
7013  91176 
702  57775 
702  64739 
702  87832 
9959  22192 
8900  11529 
1301  60269 
5482  84485 
12874  76689 
13210  17002 
13210  51282 
1413  38518 
1413  98958 
10588  35853 
10588  46722 
9751  7971 
2326  69045 
9658  6310 
9658  15342 
9658  21026 
7388  92945 
14562  9757 
14562  37388 
14304  6435 
14304  60416 
7769  3002 
7769  40115 
2515  89947 
5957  42574 
5957  59853 
5957  88874 
12583  52069 
14377  77447 
8757  4802 
8757  32849 
2875  69529 
2875  89601 
2375  15818 
10181  93660 
1618  49368 
9033  71742 
9895  4434 
9895  29012 
9895  74137 
6854  62603 
6854  71196 
14425  30798 
2002  9328 
2002  98680 
5455  53584 
2554  16115 
5586  3908 
5586  41868 
8707  13629 
5350  53516 
5350  71053 
7151  28398 
7151  51291 
12998  28774 
7883  24595 
7883  52869 
7883  53449 
3490  15703 
3490  93619 
4508  4969 
4508  30541 
3569  28927 
3569  62332 
8866  3103 
4151  17874 
4151  88903 
9301  17228 
10098  17547 
9988  14089 
9988  22930 
5058  11998 
5058  35023 
5058  54535 
224  66504 
224  69453 
2895  16663 
2895  17081 
2895  83961 
7415  12679 
7415  86528 
11096  12843 
11096  32168 
11096  92617 
98  51715 
6250  35222 
1876  23508 
3762  56817 
3762  66904 
6835  87065 
10126  93070 
10126  95043 
9547  67276 
12272  60922 
1063  34340 
1063  55389 
14211  11380 
14211  18543 
14211  97171 
6821  19623 
6821  71452 
1523  22325 
8979  57860 
8979  92653 
1423  63259 
5109  57466 
2991  60913 
2991  98986 
1655  60232 
5049  58740 
5049  92560 
4340  77770 
6108  54312 
6108  81808 
5575  80421 
12491  19268 
12491  31436 
12491  52441 
12491  85716 
14642  9655 
14642  50555 
14642  74281 
11674  10622 
11674  14411 
8761  47343 
8761  49647 
9038  60710 
9038  90740 
8691  10560 
8691  55411 
4539  15518 
9073  82122 
5797  4723 
5797  83793 
11343  20131 
11343  28927 
10620  34242 
10620  89483 
7314  31553 
4156  49290 
4156  72238 
4156  97003 
7739  92707 
4297  40589 
4297  56796 
5784  47871 
5993  60880 
10165  58878 
11881  45537 
5883  41865 
5883  83895 
11991  64649 
11991  88600 
6864  5836 
12741  15509 
12741  19833 
12616  29629 
12616  60533 
12616  81328 
8264  4162 
8264  18520 
8264  98324 
2439  6626 
2439  60238 
2343  26591 
12115  24028 
2542  4903 
2542  38097 
2542  53177 
197  52031 
197  89408 
797  24541 
797  44963 
797  75967 
7735  44671 
7735  53570 
2622  51432 
8918  55269 
8918  78577 
8918  83420 
2789  36300 
2789  43727 
3174  55000 
4918  60141 
4918  63446 
7340  41797 
9882  32899 
9882  57451 
9882  68824 
9882  84834 
9882  94279 
4945  53446 
2386  11368 
2386  53511 
2386  73124 
7860  82094 
10587  89990 
9704  5418 
11947  1076 
11947  39331 
11947  41126 
1001  65512 
1001  70469 
7553  67705 
7553  91115 
9769  4874 
4321  48126 
10352  61354 
5124  8071 
14351  1881 
14351  25654 
14351  32359 
14351  36670 
14351  39907 
14351  79741 
7426  50706 
7426  88869 
7426  97458 
3342  90665 
1268  59618 
11077  29773 
11077  78215 
6839  63630 
11194  21969 
3396  98577 
12577  15841 
12577  18395 
12577  38156 
12577  49114 
12577  98071 
13851  6057 
13851  79662 
13851  90192 
12137  84991 
14718  1720 
14718  80337 
9410  60078 
9410  85986 
13189  1539 
3182  2339 
3182  81062 
6321  26889 
6321  33253 
6321  96528 
1294  79820 
1294  83800 
1294  90756 
11456  28546 
11456  86411 
9437  4442 
9437  24395 
11315  59388 
11315  68525 
11315  91560 
13747  46496 
13747  97326 
11432  5022 
10684  1155 
10684  19674 
11370  16929 
3598  57612 
3598  64703 
9347  4054 
9347  50654 
2615  48347 
13852  1972 
13852  5115 
13852  66242 
5922  6093 
7303  23745 
11159  38671 
11159  44044 
5540  32015 
4413  28988 
4413  87440 
3381  14169 
5905  53852 
5905  91165 
3324  79194 
3324  81443 
3302  39962 
1263  36120 
1263  79607 
13508  40620 
13508  47343 
13508  65391 
1589  22316 
1589  22800 
1589  91470 
8862  11109 
7827  45345 
7827  87140 
4998  8364 
4998  47847 
4998  61886 
8248  68725 
5142  67264 
5142  75631 
7018  45993 
10308  66087 
14662  80987 
9326  93013 
11902  54798 
11902  60754 
3999  27212 
3999  47201 
3999  61396 
3999  86891 
1230  24876 
1230  75576 
255  67393 
11471  24059 
11471  61088 
5004  35994 
5004  72731 
5004  96000 
13612  51421 
13612  93230 
8987  98396 
13448  13419 
14619  86085 
7535  0 
7535  71256 
4912  33259 
4912  50083 
3663  27775 
6337  38859 
6337  39115 
11353  20345 
11353  38186 
11353  88251 
12320  8644 
12320  84529 
12320  85554 
4877  37360 
3208  75315 
11390  21574 
10076  11287 
10076  24046 
10076  79624 
199  7567 
11051  67681 
5991  11317 
11072  2510 
11072  9204 
11072  98580 
1137  32289 
1137  53048 
5545  14385 
5545  54692 
6197  4727 
6197  29863 
6197  30334 
9692  26701 
9692  72881 
13177  66918 
8664  34934 
8664  55951 
8664  94922 
529  32075 
529  37157 
11871  16379 
11871  35365 
11871  62125 
11871  79619 
6377  48052 
6377  55562 
4956  81438 
6476  11630 
6476  69352 
6476  80251 
7725  31057 
7725  40141 
3539  26833 
3539  35491 
3539  77972 
3539  92868 
10902  80814 
9249  88388 
8566  74081 
8566  80772 
4648  35220 
11088  55045 
3555  47894 
3555  79894 
12464  84443 
2274  8474 
2274  74701 
2274  75244 
2274  88519 
4529  17364 
4529  64184 
4529  90980 
5800  81254 
5800  85393 
7643  15129 
7643  37271 
8117  57495 
1838  18867 
11702  62178 
2068  38310 
2068  68062 
14483  36749 
14483  38309 
14483  78127 
4934  37 
4934  59493 
6358  53044 
6358  79781 
11041  49875 
2279  2549 
2279  11699 
2279  28628 
5416  4727 
5416  7408 
7006  9363 
11103  21173 
11103  42060 
11103  71221 
8467  2125 
8467  33878 
8467  35135 
10019  33157 
718  58325 
1391  32558 
1854  60422 
1854  80034 
1397  72879 
5073  19195 
5073  41614 
13406  62822 
4933  7567 
4933  36465 
4933  79557 
13497  48990 
11198  18581 
1627  4629 
1627  14567 
1275  67211 
14522  50543 
1520  10784 
1520  30440 
1520  91041 
10280  21622 
10280  75865 
4613  78073 
4613  83300 
3492  13757 
3094  39014 
3094  82425 
10217  18824 
11669  37875 
11669  60430 
8667  42450 
8667  48155 
8589  10532 
8589  43203 
8589  67484 
5564  31480 
7695  17706 
7695  24981 
5936  75828 
4989  8420 
4989  92476 
13279  25163 
13567  9655 
13567  22671 
13567  36234 
13567  70250 
6142  1561 
6142  63229 
6142  83834 
3278  5911 
3278  76654 
13273  93422 
10909  31708 
10909  32105 
13678  8223 
13678  75457 
5708  48062 
5708  91047 
8418  3596 
8418  53035 
1754  10682 
1754  15347 
1754  21044 
12857  17033 
12857  29738 
4792  53542 
4792  72781 
4378  55089 
4378  60077 
4378  94123 
1358  39128 
12411  49539 
2995  16268 
2995  22202 
8821  56937 
181  49785 
181  95263 
8609  20539 
8609  57232 
8609  99135 
13690  24563 
6242  4660 
6242  58102 
6242  58769 
10806  10935 
10806  62412 
14183  1471 
14183  18004 
6577  47504 
475  73342 
580  54694 
12472  20497 
12472  20983 
12472  30706 
12472  44832 
12472  54238 
12472  57244 
9400  27067 
9400  53933 
9400  93285 
7914  90741 
7914  97134 
2527  30197 
2527  85783 
5406  26334 
8247  2792 
8247  20990 
8247  30171 
8247  30491 
8247  96173 
10992  59362 
6449  82089 
5218  21834 
9024  38580 
9024  84959 
3226  3701 
3226  35256 
3226  51088 
3226  64125 
2407  40486 
1930  33755 
12647  39901 
12647  62999 
7727  12906 
7727  35246 
748  13975 
14312  12287 
6182  8335 
12640  51793 
13149  58532 
13149  80118 
2587  66914 
2481  95555 
11086  25402 
5604  71840 
3207  13528 
3207  55371 
3207  71357 
1166  5595 
13277  25375 
13277  29147 
13277  56031 
14576  52734 
10194  4262 
10194  89687 
14658  10146 
14658  82199 
14658  97976 
1287  23694 
9945  34230 
9945  34965 
9945  94308 
13291  31662 
13291  56387 
13291  85838 
239  81893 
11681  59847 
1522  12561 
1522  87937 
2034  9486 
2034  32085 
3526  55160 
3526  70403 
14173  81856 
8191  41608 
1274  44961 
1274  70504 
8343  9387 
8343  48225 
2620  5642 
12830  50934 
417  26728 
7316  53155 
4762  47739 
4762  70774 
13168  75888 
11377  27489 
6540  49948 
2783  3839 
2783  80161 
4181  71467 
4181  81202 
6388  80686 
3705  48594 
3705  51982 
192  67732 
192  81559 
8322  40542 
8322  68821 
8322  71118 
9723  27855 
9723  84433 
4556  4039 
4556  99321 
8290  79581 
4858  34689 
4858  65265 
6775  69395 
2839  1816 
2839  9025 
9048  58394 
10235  3254 
12433  46890 
12433  51981 
12433  58728 
9005  10543 
9005  41360 
9005  47468 
5768  4007 
13694  89774 
13694  91774 
8599  13866 
1999  1983 
1999  32924 
1999  85635 
13415  30952 
13415  56528 
11732  4501 
2232  11247 
7384  65379 
4219  51319 
13942  8837 
13942  51021 
13942  82790 
13942  89799 
10430  34091 
10075  31936 
10075  50957 
10075  72223 
3255  53271 
3255  72319 
6534  5885 
6534  21102 
12362  36785 
12362  52288 
12362  63249 
9332  61840 
1178  56678 
1178  82267 
6820  35419 
6820  68394 
14636  53651 
1510  15924 
1510  47373 
6923  30054 
6923  51756 
3203  51173 
3203  66258 
3250  26725 
3250  52975 
11045  54383 
13785  6498 
13785  93931 
11448  44859 
11448  61030 
14295  54111 
14295  57275 
720  48700 
11934  40795 
11934  77984 
3695  59746 
8882  1814 
8882  38824 
1297  16819 
7692  51258 
7692  80025 
12730  95287 
12009  51480 
5459  7701 
5459  30759 
10451  10836 
10451  69298 
3483  43099 
3483  71447 
4753  51476 
4753  66716 
9221  86 
9221  5363 
2224  72310 
5173  41803 
5173  63794 
9688  41967 
9688  80061 
9688  89599 
10050  97009 
10050  98789 
8376  20289 
12262  55904 
10852  39395 
10852  52017 
10852  67174 
10852  78072 
10852  84767 
10852  94972 
243  8143 
243  40436 
243  89989 
894  43375 
2605  48053 
2605  61119 
2605  72464 
5783  76874 
5783  83104 
13188  8759 
13188  27587 
7023  55971 
10686  20866 
11663  69674 
11663  73468 
9392  44020 
9901  31455 
9901  33248 
186  3051 
186  84694 
8553  3759 
8553  54752 
7432  62411 
14704  54163 
14704  95517 
3779  26014 
13221  1858 
13221  82509 
9553  15858 
9553  90623 
4332  63176 
8665  12255 
8665  29646 
6238  62555 
6238  73401 
6238  90958 
169  35209 
169  38201 
169  45495 
10871  18362 
10871  23173 
1199  61122 
3902  6842 
8721  14444 
11770  17360 
4406  22052 
4406  28307 
1265  49006 
1265  98249 
6154  73824 
7544  36710 
7544  46732 
5421  55344 
4775  61070 
5747  21672 
5747  34607 
13077  34945 
13077  47818 
13077  90541 
4077  13521 
14705  18425 
13347  66332 
4487  39120 
8997  74095 
6770  71801 
4047  13547 
9312  70309 
6087  28413 
10819  3432 
10819  65169 
12625  75284 
12625  81973 
4915  93261 
3920  4737 
3920  59883 
10695  465 
10695  11808 
11296  7439 
11296  22369 
13019  17810 
13019  74007 
2574  18793 
2574  65888 
2574  95995 
13280  11627 
13280  28761 
13280  51436 
11882  86479 
11534  53228 
12602  34464 
4571  96938 
4610  48324 
4627  89987 
8239  31571 
8239  53315 
2175  81714 
14044  33164 
12257  65635 
12257  79327 
12257  86691 
12100  16718 
12100  76632 
12100  98199 
5608  94554 
7192  12354 
14535  22680 
14535  58196 
14535  86447 
7640  34760 
13821  5575 
13821  25810 
13821  78855 
4108  4877 
4108  73943 
8788  13850 
8788  59447 
7783  57308 
7783  96699 
3001  98411 
6302  84200 
6302  98618 
12033  3084 
10600  5571 
10600  29358 
10600  99616 
10568  84322 
13358  7099 
13358  19839 
13358  62455 
2298  56588 
150  10146 
150  41487 
150  41998 
10582  14263 
10582  41192 
10582  52219 
13815  43604 
13815  48603 
6768  32892 
6768  83032 
9711  2878 
9711  54992 
